[0.6326164874551972, 0.004810350615507197, 0.5577997817204301, 'C:\\Users\\zhenlun\\Desktop\\medras_actual_new\\cluster sdd\\cluster_topas_multiple\\0.25_proton_0.88', 35.68817204301075, 0.4481282357626444, 0.6585508700095357, 0.006571395355651222]
[0.8291666666666667, 0.003748667826279264, 0.4471433093750001, 'C:\\Users\\zhenlun\\Desktop\\medras_actual_new\\cluster sdd\\cluster_topas_multiple\\0.25_proton_1.38', 24.333333333333332, 0.1878968253968254, 0.4343992627914226, 0.004326934858045997]
[0.9603489294210944, 0.0019428507994365286, 0.3173209134020618, 'C:\\Users\\zhenlun\\Desktop\\medras_actual_new\\cluster sdd\\cluster_topas_multiple\\0.25_proton_5.04', 12.061855670103093, 0.04024583663758922, 0.20003473883601164, 0.0019917022460543094]
[0.4052898478671572, 0.004895548006472861, 1.1184970101123597, 'C:\\Users\\zhenlun\\Desktop\\medras_actual_new\\cluster sdd\\cluster_topas_multiple\\0.5_proton_0.88', 70.26966292134831, 0.9041463657154221, 0.9562154184461076, 0.009535492081465256]
[0.6536478984932593, 0.004737271891405142, 0.8949171494845362, 'C:\\Users\\zhenlun\\Desktop\\medras_actual_new\\cluster sdd\\cluster_topas_multiple\\0.5_proton_1.38', 48.92783505154639, 0.41068596352101505, 0.6194962309872581, 0.006168188794902331]
[0.9321379037051714, 0.002503352857302632, 0.6336798122448979, 'C:\\Users\\zhenlun\\Desktop\\medras_actual_new\\cluster sdd\\cluster_topas_multiple\\0.5_proton_5.04', 24.744897959183675, 0.06914999009312463, 0.2591181083353064, 0.002579215486967765]
[0.14297092791716448, 0.003492756367367054, 2.2523957645161286, 'C:\\Users\\zhenlun\\Desktop\\medras_actual_new\\cluster sdd\\cluster_topas_multiple\\1_proton_0.88', 141.7258064516129, 1.8704699322978893, 1.3093147808424421, 0.01306508800115766]
[0.39529317909852413, 0.004882305278466376, 1.8009331097826087, 'C:\\Users\\zhenlun\\Desktop\\medras_actual_new\\cluster sdd\\cluster_topas_multiple\\1_proton_1.38', 97.98913043478261, 0.8944954128440367, 0.912855061038717, 0.009116251966221565]
[0.8276067527308838, 0.0037640674977501695, 1.2872912821052633, 'C:\\Users\\zhenlun\\Desktop\\medras_actual_new\\cluster sdd\\cluster_topas_multiple\\1_proton_5.04', 51.92631578947368, 0.18798411122144984, 0.4296769158122254, 0.004282021579513516]
[0.01039480259870065, 0.0010139827351931762, 4.515644089655172, 'C:\\Users\\zhenlun\\Desktop\\medras_actual_new\\cluster sdd\\cluster_topas_multiple\\2_proton_0.88', 284.9080459770115, 3.999800099950025, 1.9077683742884046, 0.019073869350415072]
[0.1296609326837029, 0.003349766883580976, 3.584843268539326, 'C:\\Users\\zhenlun\\Desktop\\medras_actual_new\\cluster sdd\\cluster_topas_multiple\\2_proton_1.38', 192.2921348314607, 1.9002684697225813, 1.3140981167737353, 0.013104340240745221]
[0.6075987235739928, 0.004876031128463053, 2.547995468478261, 'C:\\Users\\zhenlun\\Desktop\\medras_actual_new\\cluster sdd\\cluster_topas_multiple\\2_proton_5.04', 101.8804347826087, 0.4847427203829278, 0.6804191700198148, 0.006795024600608418]
